{
 "cells": [
  {
   "cell_type": "code",
   "execution_count": 1,
   "id": "85ffa75a-29d3-4067-8090-3f699a2a05ad",
   "metadata": {},
   "outputs": [],
   "source": [
    "%matplotlib inline"
   ]
  },
  {
   "cell_type": "code",
   "execution_count": 2,
   "id": "5c508781-7709-4699-a944-1aa8e0da26c7",
   "metadata": {},
   "outputs": [],
   "source": [
    "import math\n",
    "import numpy as np\n",
    "import pandas as pd\n",
    "import matplotlib.pyplot as plt\n",
    "import seaborn as sns\n",
    "import sklearn.preprocessing as sp"
   ]
  },
  {
   "cell_type": "code",
   "execution_count": 3,
   "id": "23af0b1b-9316-4434-b717-e932ae108e87",
   "metadata": {},
   "outputs": [],
   "source": [
    "Dataset_raw = pd.read_csv('Final_Data.csv')"
   ]
  },
  {
   "cell_type": "code",
   "execution_count": 4,
   "id": "94c13493-5334-4a38-9d6b-80bdeeca0901",
   "metadata": {},
   "outputs": [],
   "source": [
    "Dataset_df = Dataset_raw[['Tin','FR','T1','T2','Qcool','RR','B','QR','Qc','FV','FL_Top','FL_Bot','T5','T10','T15','T20','T25','XME_V','XME_D','XW_B']]"
   ]
  },
  {
   "cell_type": "code",
   "execution_count": 5,
   "id": "54164b52-4a06-4d00-9143-8c3cde157bc7",
   "metadata": {},
   "outputs": [
    {
     "data": {
      "text/html": [
       "<div>\n",
       "<style scoped>\n",
       "    .dataframe tbody tr th:only-of-type {\n",
       "        vertical-align: middle;\n",
       "    }\n",
       "\n",
       "    .dataframe tbody tr th {\n",
       "        vertical-align: top;\n",
       "    }\n",
       "\n",
       "    .dataframe thead th {\n",
       "        text-align: right;\n",
       "    }\n",
       "</style>\n",
       "<table border=\"1\" class=\"dataframe\">\n",
       "  <thead>\n",
       "    <tr style=\"text-align: right;\">\n",
       "      <th></th>\n",
       "      <th>Tin</th>\n",
       "      <th>FR</th>\n",
       "      <th>T1</th>\n",
       "      <th>T2</th>\n",
       "      <th>Qcool</th>\n",
       "      <th>RR</th>\n",
       "      <th>B</th>\n",
       "      <th>QR</th>\n",
       "      <th>Qc</th>\n",
       "      <th>FV</th>\n",
       "      <th>FL_Top</th>\n",
       "      <th>FL_Bot</th>\n",
       "      <th>T5</th>\n",
       "      <th>T10</th>\n",
       "      <th>T15</th>\n",
       "      <th>T20</th>\n",
       "      <th>T25</th>\n",
       "      <th>XME_V</th>\n",
       "      <th>XME_D</th>\n",
       "      <th>XW_B</th>\n",
       "    </tr>\n",
       "  </thead>\n",
       "  <tbody>\n",
       "    <tr>\n",
       "      <th>0</th>\n",
       "      <td>230.3</td>\n",
       "      <td>5.01</td>\n",
       "      <td>46.9</td>\n",
       "      <td>47.3</td>\n",
       "      <td>-3408.57514</td>\n",
       "      <td>1.37</td>\n",
       "      <td>99.750</td>\n",
       "      <td>1983.48465</td>\n",
       "      <td>-2488.67285</td>\n",
       "      <td>1.138522</td>\n",
       "      <td>98.280150</td>\n",
       "      <td>64.914011</td>\n",
       "      <td>66.257027</td>\n",
       "      <td>69.541474</td>\n",
       "      <td>75.486573</td>\n",
       "      <td>76.672814</td>\n",
       "      <td>87.675879</td>\n",
       "      <td>0.494652</td>\n",
       "      <td>0.995920</td>\n",
       "      <td>0.993144</td>\n",
       "    </tr>\n",
       "    <tr>\n",
       "      <th>1</th>\n",
       "      <td>230.1</td>\n",
       "      <td>4.99</td>\n",
       "      <td>47.1</td>\n",
       "      <td>47.1</td>\n",
       "      <td>-3361.39142</td>\n",
       "      <td>1.35</td>\n",
       "      <td>99.780</td>\n",
       "      <td>1915.60558</td>\n",
       "      <td>-2468.84306</td>\n",
       "      <td>1.115023</td>\n",
       "      <td>98.296869</td>\n",
       "      <td>64.923862</td>\n",
       "      <td>66.300389</td>\n",
       "      <td>69.675587</td>\n",
       "      <td>75.673650</td>\n",
       "      <td>76.848653</td>\n",
       "      <td>87.632430</td>\n",
       "      <td>0.490251</td>\n",
       "      <td>0.995804</td>\n",
       "      <td>0.992883</td>\n",
       "    </tr>\n",
       "    <tr>\n",
       "      <th>2</th>\n",
       "      <td>230.2</td>\n",
       "      <td>4.96</td>\n",
       "      <td>47.0</td>\n",
       "      <td>47.3</td>\n",
       "      <td>-3381.69240</td>\n",
       "      <td>1.32</td>\n",
       "      <td>99.750</td>\n",
       "      <td>1904.54513</td>\n",
       "      <td>-2435.46282</td>\n",
       "      <td>1.142253</td>\n",
       "      <td>98.255017</td>\n",
       "      <td>64.936598</td>\n",
       "      <td>66.353072</td>\n",
       "      <td>69.789407</td>\n",
       "      <td>75.703274</td>\n",
       "      <td>76.876799</td>\n",
       "      <td>87.627191</td>\n",
       "      <td>0.494556</td>\n",
       "      <td>0.995726</td>\n",
       "      <td>0.992843</td>\n",
       "    </tr>\n",
       "    <tr>\n",
       "      <th>3</th>\n",
       "      <td>230.1</td>\n",
       "      <td>4.96</td>\n",
       "      <td>46.9</td>\n",
       "      <td>47.2</td>\n",
       "      <td>-3386.32257</td>\n",
       "      <td>1.34</td>\n",
       "      <td>99.750</td>\n",
       "      <td>1931.66436</td>\n",
       "      <td>-2457.12858</td>\n",
       "      <td>1.138654</td>\n",
       "      <td>98.259095</td>\n",
       "      <td>64.926414</td>\n",
       "      <td>66.312165</td>\n",
       "      <td>69.688798</td>\n",
       "      <td>75.625758</td>\n",
       "      <td>76.797898</td>\n",
       "      <td>87.520617</td>\n",
       "      <td>0.492412</td>\n",
       "      <td>0.995789</td>\n",
       "      <td>0.992799</td>\n",
       "    </tr>\n",
       "    <tr>\n",
       "      <th>4</th>\n",
       "      <td>230.1</td>\n",
       "      <td>4.96</td>\n",
       "      <td>47.0</td>\n",
       "      <td>47.0</td>\n",
       "      <td>-3373.49223</td>\n",
       "      <td>1.32</td>\n",
       "      <td>99.750</td>\n",
       "      <td>1897.66426</td>\n",
       "      <td>-2437.68179</td>\n",
       "      <td>1.116335</td>\n",
       "      <td>98.291160</td>\n",
       "      <td>64.936477</td>\n",
       "      <td>66.353103</td>\n",
       "      <td>69.794478</td>\n",
       "      <td>75.723243</td>\n",
       "      <td>76.896943</td>\n",
       "      <td>87.658595</td>\n",
       "      <td>0.488026</td>\n",
       "      <td>0.995669</td>\n",
       "      <td>0.992860</td>\n",
       "    </tr>\n",
       "    <tr>\n",
       "      <th>...</th>\n",
       "      <td>...</td>\n",
       "      <td>...</td>\n",
       "      <td>...</td>\n",
       "      <td>...</td>\n",
       "      <td>...</td>\n",
       "      <td>...</td>\n",
       "      <td>...</td>\n",
       "      <td>...</td>\n",
       "      <td>...</td>\n",
       "      <td>...</td>\n",
       "      <td>...</td>\n",
       "      <td>...</td>\n",
       "      <td>...</td>\n",
       "      <td>...</td>\n",
       "      <td>...</td>\n",
       "      <td>...</td>\n",
       "      <td>...</td>\n",
       "      <td>...</td>\n",
       "      <td>...</td>\n",
       "      <td>...</td>\n",
       "    </tr>\n",
       "    <tr>\n",
       "      <th>15932</th>\n",
       "      <td>238.7</td>\n",
       "      <td>4.66</td>\n",
       "      <td>57.0</td>\n",
       "      <td>43.5</td>\n",
       "      <td>-2778.68173</td>\n",
       "      <td>2.57</td>\n",
       "      <td>101.975</td>\n",
       "      <td>2466.88934</td>\n",
       "      <td>-3715.32348</td>\n",
       "      <td>0.543364</td>\n",
       "      <td>96.821734</td>\n",
       "      <td>64.859134</td>\n",
       "      <td>65.779825</td>\n",
       "      <td>67.830652</td>\n",
       "      <td>74.295629</td>\n",
       "      <td>75.245604</td>\n",
       "      <td>80.543126</td>\n",
       "      <td>0.417377</td>\n",
       "      <td>0.996010</td>\n",
       "      <td>0.973971</td>\n",
       "    </tr>\n",
       "    <tr>\n",
       "      <th>15933</th>\n",
       "      <td>238.4</td>\n",
       "      <td>4.69</td>\n",
       "      <td>57.3</td>\n",
       "      <td>43.8</td>\n",
       "      <td>-2733.54212</td>\n",
       "      <td>2.59</td>\n",
       "      <td>101.950</td>\n",
       "      <td>2443.71320</td>\n",
       "      <td>-3737.10741</td>\n",
       "      <td>0.545191</td>\n",
       "      <td>96.911121</td>\n",
       "      <td>64.859891</td>\n",
       "      <td>65.779871</td>\n",
       "      <td>67.832493</td>\n",
       "      <td>74.344810</td>\n",
       "      <td>75.296630</td>\n",
       "      <td>80.659625</td>\n",
       "      <td>0.423115</td>\n",
       "      <td>0.996075</td>\n",
       "      <td>0.974561</td>\n",
       "    </tr>\n",
       "    <tr>\n",
       "      <th>15934</th>\n",
       "      <td>238.7</td>\n",
       "      <td>4.66</td>\n",
       "      <td>57.4</td>\n",
       "      <td>44.2</td>\n",
       "      <td>-2741.43180</td>\n",
       "      <td>2.60</td>\n",
       "      <td>101.930</td>\n",
       "      <td>2457.44303</td>\n",
       "      <td>-3746.68840</td>\n",
       "      <td>0.564553</td>\n",
       "      <td>96.964680</td>\n",
       "      <td>64.859930</td>\n",
       "      <td>65.779101</td>\n",
       "      <td>67.825150</td>\n",
       "      <td>74.321131</td>\n",
       "      <td>75.275515</td>\n",
       "      <td>80.697085</td>\n",
       "      <td>0.430865</td>\n",
       "      <td>0.996145</td>\n",
       "      <td>0.974983</td>\n",
       "    </tr>\n",
       "    <tr>\n",
       "      <th>15935</th>\n",
       "      <td>239.1</td>\n",
       "      <td>4.65</td>\n",
       "      <td>57.9</td>\n",
       "      <td>44.2</td>\n",
       "      <td>-2719.76161</td>\n",
       "      <td>2.56</td>\n",
       "      <td>101.955</td>\n",
       "      <td>2386.51443</td>\n",
       "      <td>-3701.16486</td>\n",
       "      <td>0.549742</td>\n",
       "      <td>96.874197</td>\n",
       "      <td>64.860486</td>\n",
       "      <td>65.784184</td>\n",
       "      <td>67.867261</td>\n",
       "      <td>74.457235</td>\n",
       "      <td>75.406400</td>\n",
       "      <td>80.734354</td>\n",
       "      <td>0.430865</td>\n",
       "      <td>0.996151</td>\n",
       "      <td>0.974436</td>\n",
       "    </tr>\n",
       "    <tr>\n",
       "      <th>15936</th>\n",
       "      <td>239.2</td>\n",
       "      <td>4.68</td>\n",
       "      <td>58.3</td>\n",
       "      <td>44.5</td>\n",
       "      <td>-2691.05823</td>\n",
       "      <td>2.59</td>\n",
       "      <td>101.945</td>\n",
       "      <td>2385.60385</td>\n",
       "      <td>-3734.87679</td>\n",
       "      <td>0.548801</td>\n",
       "      <td>97.005825</td>\n",
       "      <td>64.861386</td>\n",
       "      <td>65.783099</td>\n",
       "      <td>67.857135</td>\n",
       "      <td>74.464077</td>\n",
       "      <td>75.415954</td>\n",
       "      <td>80.817246</td>\n",
       "      <td>0.436758</td>\n",
       "      <td>0.996218</td>\n",
       "      <td>0.975013</td>\n",
       "    </tr>\n",
       "  </tbody>\n",
       "</table>\n",
       "<p>15937 rows × 20 columns</p>\n",
       "</div>"
      ],
      "text/plain": [
       "         Tin    FR    T1    T2       Qcool    RR        B          QR  \\\n",
       "0      230.3  5.01  46.9  47.3 -3408.57514  1.37   99.750  1983.48465   \n",
       "1      230.1  4.99  47.1  47.1 -3361.39142  1.35   99.780  1915.60558   \n",
       "2      230.2  4.96  47.0  47.3 -3381.69240  1.32   99.750  1904.54513   \n",
       "3      230.1  4.96  46.9  47.2 -3386.32257  1.34   99.750  1931.66436   \n",
       "4      230.1  4.96  47.0  47.0 -3373.49223  1.32   99.750  1897.66426   \n",
       "...      ...   ...   ...   ...         ...   ...      ...         ...   \n",
       "15932  238.7  4.66  57.0  43.5 -2778.68173  2.57  101.975  2466.88934   \n",
       "15933  238.4  4.69  57.3  43.8 -2733.54212  2.59  101.950  2443.71320   \n",
       "15934  238.7  4.66  57.4  44.2 -2741.43180  2.60  101.930  2457.44303   \n",
       "15935  239.1  4.65  57.9  44.2 -2719.76161  2.56  101.955  2386.51443   \n",
       "15936  239.2  4.68  58.3  44.5 -2691.05823  2.59  101.945  2385.60385   \n",
       "\n",
       "               Qc        FV     FL_Top     FL_Bot         T5        T10  \\\n",
       "0     -2488.67285  1.138522  98.280150  64.914011  66.257027  69.541474   \n",
       "1     -2468.84306  1.115023  98.296869  64.923862  66.300389  69.675587   \n",
       "2     -2435.46282  1.142253  98.255017  64.936598  66.353072  69.789407   \n",
       "3     -2457.12858  1.138654  98.259095  64.926414  66.312165  69.688798   \n",
       "4     -2437.68179  1.116335  98.291160  64.936477  66.353103  69.794478   \n",
       "...           ...       ...        ...        ...        ...        ...   \n",
       "15932 -3715.32348  0.543364  96.821734  64.859134  65.779825  67.830652   \n",
       "15933 -3737.10741  0.545191  96.911121  64.859891  65.779871  67.832493   \n",
       "15934 -3746.68840  0.564553  96.964680  64.859930  65.779101  67.825150   \n",
       "15935 -3701.16486  0.549742  96.874197  64.860486  65.784184  67.867261   \n",
       "15936 -3734.87679  0.548801  97.005825  64.861386  65.783099  67.857135   \n",
       "\n",
       "             T15        T20        T25     XME_V     XME_D      XW_B  \n",
       "0      75.486573  76.672814  87.675879  0.494652  0.995920  0.993144  \n",
       "1      75.673650  76.848653  87.632430  0.490251  0.995804  0.992883  \n",
       "2      75.703274  76.876799  87.627191  0.494556  0.995726  0.992843  \n",
       "3      75.625758  76.797898  87.520617  0.492412  0.995789  0.992799  \n",
       "4      75.723243  76.896943  87.658595  0.488026  0.995669  0.992860  \n",
       "...          ...        ...        ...       ...       ...       ...  \n",
       "15932  74.295629  75.245604  80.543126  0.417377  0.996010  0.973971  \n",
       "15933  74.344810  75.296630  80.659625  0.423115  0.996075  0.974561  \n",
       "15934  74.321131  75.275515  80.697085  0.430865  0.996145  0.974983  \n",
       "15935  74.457235  75.406400  80.734354  0.430865  0.996151  0.974436  \n",
       "15936  74.464077  75.415954  80.817246  0.436758  0.996218  0.975013  \n",
       "\n",
       "[15937 rows x 20 columns]"
      ]
     },
     "execution_count": 5,
     "metadata": {},
     "output_type": "execute_result"
    }
   ],
   "source": [
    "Dataset_df"
   ]
  },
  {
   "cell_type": "code",
   "execution_count": 6,
   "id": "8364064a-8e49-4ad3-b8ca-bc8f692c0455",
   "metadata": {},
   "outputs": [
    {
     "name": "stdout",
     "output_type": "stream",
     "text": [
      "<class 'pandas.core.frame.DataFrame'>\n",
      "RangeIndex: 15937 entries, 0 to 15936\n",
      "Data columns (total 20 columns):\n",
      " #   Column  Non-Null Count  Dtype  \n",
      "---  ------  --------------  -----  \n",
      " 0   Tin     15937 non-null  float64\n",
      " 1   FR      15937 non-null  float64\n",
      " 2   T1      15937 non-null  float64\n",
      " 3   T2      15937 non-null  float64\n",
      " 4   Qcool   15937 non-null  float64\n",
      " 5   RR      15937 non-null  float64\n",
      " 6   B       15937 non-null  float64\n",
      " 7   QR      15937 non-null  float64\n",
      " 8   Qc      15937 non-null  float64\n",
      " 9   FV      15937 non-null  float64\n",
      " 10  FL_Top  15937 non-null  float64\n",
      " 11  FL_Bot  15937 non-null  float64\n",
      " 12  T5      15937 non-null  float64\n",
      " 13  T10     15937 non-null  float64\n",
      " 14  T15     15937 non-null  float64\n",
      " 15  T20     15937 non-null  float64\n",
      " 16  T25     15937 non-null  float64\n",
      " 17  XME_V   15937 non-null  float64\n",
      " 18  XME_D   15937 non-null  float64\n",
      " 19  XW_B    15937 non-null  float64\n",
      "dtypes: float64(20)\n",
      "memory usage: 2.4 MB\n"
     ]
    }
   ],
   "source": [
    "Dataset_df.info()"
   ]
  },
  {
   "cell_type": "code",
   "execution_count": 7,
   "id": "6db3b44e-41d8-442e-9b66-cc456675d52e",
   "metadata": {},
   "outputs": [
    {
     "data": {
      "text/plain": [
       "Tin       0\n",
       "FR        0\n",
       "T1        0\n",
       "T2        0\n",
       "Qcool     0\n",
       "RR        0\n",
       "B         0\n",
       "QR        0\n",
       "Qc        0\n",
       "FV        0\n",
       "FL_Top    0\n",
       "FL_Bot    0\n",
       "T5        0\n",
       "T10       0\n",
       "T15       0\n",
       "T20       0\n",
       "T25       0\n",
       "XME_V     0\n",
       "XME_D     0\n",
       "XW_B      0\n",
       "dtype: int64"
      ]
     },
     "execution_count": 7,
     "metadata": {},
     "output_type": "execute_result"
    }
   ],
   "source": [
    "Dataset_df.isnull().sum()"
   ]
  },
  {
   "cell_type": "code",
   "execution_count": 8,
   "id": "f4ec58e9-c358-4f7e-96ba-ad7df34cd61b",
   "metadata": {},
   "outputs": [
    {
     "data": {
      "text/html": [
       "<div>\n",
       "<style scoped>\n",
       "    .dataframe tbody tr th:only-of-type {\n",
       "        vertical-align: middle;\n",
       "    }\n",
       "\n",
       "    .dataframe tbody tr th {\n",
       "        vertical-align: top;\n",
       "    }\n",
       "\n",
       "    .dataframe thead th {\n",
       "        text-align: right;\n",
       "    }\n",
       "</style>\n",
       "<table border=\"1\" class=\"dataframe\">\n",
       "  <thead>\n",
       "    <tr style=\"text-align: right;\">\n",
       "      <th></th>\n",
       "      <th>Tin</th>\n",
       "      <th>FR</th>\n",
       "      <th>T1</th>\n",
       "      <th>T2</th>\n",
       "      <th>Qcool</th>\n",
       "      <th>RR</th>\n",
       "      <th>B</th>\n",
       "      <th>QR</th>\n",
       "      <th>Qc</th>\n",
       "      <th>FV</th>\n",
       "      <th>FL_Top</th>\n",
       "      <th>FL_Bot</th>\n",
       "      <th>T5</th>\n",
       "      <th>T10</th>\n",
       "      <th>T15</th>\n",
       "      <th>T20</th>\n",
       "      <th>T25</th>\n",
       "      <th>XME_V</th>\n",
       "      <th>XME_D</th>\n",
       "      <th>XW_B</th>\n",
       "    </tr>\n",
       "  </thead>\n",
       "  <tbody>\n",
       "    <tr>\n",
       "      <th>Tin</th>\n",
       "      <td>1.000000</td>\n",
       "      <td>0.039706</td>\n",
       "      <td>0.209322</td>\n",
       "      <td>0.203192</td>\n",
       "      <td>-0.628540</td>\n",
       "      <td>0.284445</td>\n",
       "      <td>0.629407</td>\n",
       "      <td>0.445869</td>\n",
       "      <td>-0.268878</td>\n",
       "      <td>-0.040643</td>\n",
       "      <td>-0.495622</td>\n",
       "      <td>0.109349</td>\n",
       "      <td>0.037913</td>\n",
       "      <td>-0.133262</td>\n",
       "      <td>-0.405723</td>\n",
       "      <td>-0.419774</td>\n",
       "      <td>-0.560397</td>\n",
       "      <td>0.202180</td>\n",
       "      <td>-0.032873</td>\n",
       "      <td>-0.625770</td>\n",
       "    </tr>\n",
       "    <tr>\n",
       "      <th>FR</th>\n",
       "      <td>0.039706</td>\n",
       "      <td>1.000000</td>\n",
       "      <td>0.240104</td>\n",
       "      <td>0.164412</td>\n",
       "      <td>0.096964</td>\n",
       "      <td>0.064717</td>\n",
       "      <td>0.064214</td>\n",
       "      <td>0.015480</td>\n",
       "      <td>-0.063329</td>\n",
       "      <td>-0.203784</td>\n",
       "      <td>0.055814</td>\n",
       "      <td>-0.055583</td>\n",
       "      <td>-0.065798</td>\n",
       "      <td>-0.093981</td>\n",
       "      <td>-0.036557</td>\n",
       "      <td>-0.032413</td>\n",
       "      <td>0.008726</td>\n",
       "      <td>0.168936</td>\n",
       "      <td>0.131695</td>\n",
       "      <td>0.016157</td>\n",
       "    </tr>\n",
       "    <tr>\n",
       "      <th>T1</th>\n",
       "      <td>0.209322</td>\n",
       "      <td>0.240104</td>\n",
       "      <td>1.000000</td>\n",
       "      <td>-0.043858</td>\n",
       "      <td>0.594513</td>\n",
       "      <td>0.032070</td>\n",
       "      <td>0.218847</td>\n",
       "      <td>-0.225116</td>\n",
       "      <td>-0.035187</td>\n",
       "      <td>-0.772504</td>\n",
       "      <td>0.153794</td>\n",
       "      <td>-0.051672</td>\n",
       "      <td>-0.056053</td>\n",
       "      <td>-0.032645</td>\n",
       "      <td>0.172358</td>\n",
       "      <td>0.166387</td>\n",
       "      <td>0.075788</td>\n",
       "      <td>-0.042034</td>\n",
       "      <td>0.111454</td>\n",
       "      <td>-0.054221</td>\n",
       "    </tr>\n",
       "    <tr>\n",
       "      <th>T2</th>\n",
       "      <td>0.203192</td>\n",
       "      <td>0.164412</td>\n",
       "      <td>-0.043858</td>\n",
       "      <td>1.000000</td>\n",
       "      <td>-0.211348</td>\n",
       "      <td>0.090470</td>\n",
       "      <td>0.180879</td>\n",
       "      <td>0.139232</td>\n",
       "      <td>-0.063005</td>\n",
       "      <td>0.638842</td>\n",
       "      <td>-0.342302</td>\n",
       "      <td>-0.026568</td>\n",
       "      <td>-0.023783</td>\n",
       "      <td>-0.064172</td>\n",
       "      <td>-0.132263</td>\n",
       "      <td>-0.136423</td>\n",
       "      <td>-0.181497</td>\n",
       "      <td>0.998340</td>\n",
       "      <td>0.268091</td>\n",
       "      <td>-0.176958</td>\n",
       "    </tr>\n",
       "    <tr>\n",
       "      <th>Qcool</th>\n",
       "      <td>-0.628540</td>\n",
       "      <td>0.096964</td>\n",
       "      <td>0.594513</td>\n",
       "      <td>-0.211348</td>\n",
       "      <td>1.000000</td>\n",
       "      <td>-0.164758</td>\n",
       "      <td>-0.302619</td>\n",
       "      <td>-0.510129</td>\n",
       "      <td>0.150621</td>\n",
       "      <td>-0.553682</td>\n",
       "      <td>0.469070</td>\n",
       "      <td>-0.139368</td>\n",
       "      <td>-0.104215</td>\n",
       "      <td>0.043762</td>\n",
       "      <td>0.433230</td>\n",
       "      <td>0.439612</td>\n",
       "      <td>0.479296</td>\n",
       "      <td>-0.210014</td>\n",
       "      <td>0.107466</td>\n",
       "      <td>0.418070</td>\n",
       "    </tr>\n",
       "    <tr>\n",
       "      <th>RR</th>\n",
       "      <td>0.284445</td>\n",
       "      <td>0.064717</td>\n",
       "      <td>0.032070</td>\n",
       "      <td>0.090470</td>\n",
       "      <td>-0.164758</td>\n",
       "      <td>1.000000</td>\n",
       "      <td>0.710785</td>\n",
       "      <td>0.930474</td>\n",
       "      <td>-0.999214</td>\n",
       "      <td>0.070583</td>\n",
       "      <td>-0.629261</td>\n",
       "      <td>-0.242041</td>\n",
       "      <td>-0.343317</td>\n",
       "      <td>-0.740104</td>\n",
       "      <td>-0.853562</td>\n",
       "      <td>-0.850312</td>\n",
       "      <td>-0.779425</td>\n",
       "      <td>0.101297</td>\n",
       "      <td>0.304498</td>\n",
       "      <td>-0.647466</td>\n",
       "    </tr>\n",
       "    <tr>\n",
       "      <th>B</th>\n",
       "      <td>0.629407</td>\n",
       "      <td>0.064214</td>\n",
       "      <td>0.218847</td>\n",
       "      <td>0.180879</td>\n",
       "      <td>-0.302619</td>\n",
       "      <td>0.710785</td>\n",
       "      <td>1.000000</td>\n",
       "      <td>0.701523</td>\n",
       "      <td>-0.693709</td>\n",
       "      <td>-0.031609</td>\n",
       "      <td>-0.824509</td>\n",
       "      <td>-0.073075</td>\n",
       "      <td>-0.177609</td>\n",
       "      <td>-0.503897</td>\n",
       "      <td>-0.672288</td>\n",
       "      <td>-0.694296</td>\n",
       "      <td>-0.895145</td>\n",
       "      <td>0.185930</td>\n",
       "      <td>0.159337</td>\n",
       "      <td>-0.954395</td>\n",
       "    </tr>\n",
       "    <tr>\n",
       "      <th>QR</th>\n",
       "      <td>0.445869</td>\n",
       "      <td>0.015480</td>\n",
       "      <td>-0.225116</td>\n",
       "      <td>0.139232</td>\n",
       "      <td>-0.510129</td>\n",
       "      <td>0.930474</td>\n",
       "      <td>0.701523</td>\n",
       "      <td>1.000000</td>\n",
       "      <td>-0.925544</td>\n",
       "      <td>0.280268</td>\n",
       "      <td>-0.707029</td>\n",
       "      <td>-0.169756</td>\n",
       "      <td>-0.271752</td>\n",
       "      <td>-0.666805</td>\n",
       "      <td>-0.906745</td>\n",
       "      <td>-0.905002</td>\n",
       "      <td>-0.842562</td>\n",
       "      <td>0.148428</td>\n",
       "      <td>0.225232</td>\n",
       "      <td>-0.693462</td>\n",
       "    </tr>\n",
       "    <tr>\n",
       "      <th>Qc</th>\n",
       "      <td>-0.268878</td>\n",
       "      <td>-0.063329</td>\n",
       "      <td>-0.035187</td>\n",
       "      <td>-0.063005</td>\n",
       "      <td>0.150621</td>\n",
       "      <td>-0.999214</td>\n",
       "      <td>-0.693709</td>\n",
       "      <td>-0.925544</td>\n",
       "      <td>1.000000</td>\n",
       "      <td>-0.051849</td>\n",
       "      <td>0.602009</td>\n",
       "      <td>0.243982</td>\n",
       "      <td>0.342538</td>\n",
       "      <td>0.739206</td>\n",
       "      <td>0.847416</td>\n",
       "      <td>0.843374</td>\n",
       "      <td>0.765035</td>\n",
       "      <td>-0.073999</td>\n",
       "      <td>-0.300595</td>\n",
       "      <td>0.628475</td>\n",
       "    </tr>\n",
       "    <tr>\n",
       "      <th>FV</th>\n",
       "      <td>-0.040643</td>\n",
       "      <td>-0.203784</td>\n",
       "      <td>-0.772504</td>\n",
       "      <td>0.638842</td>\n",
       "      <td>-0.553682</td>\n",
       "      <td>0.070583</td>\n",
       "      <td>-0.031609</td>\n",
       "      <td>0.280268</td>\n",
       "      <td>-0.051849</td>\n",
       "      <td>1.000000</td>\n",
       "      <td>-0.353312</td>\n",
       "      <td>0.003943</td>\n",
       "      <td>0.006223</td>\n",
       "      <td>-0.050224</td>\n",
       "      <td>-0.237251</td>\n",
       "      <td>-0.235541</td>\n",
       "      <td>-0.195540</td>\n",
       "      <td>0.640621</td>\n",
       "      <td>0.097092</td>\n",
       "      <td>-0.089216</td>\n",
       "    </tr>\n",
       "    <tr>\n",
       "      <th>FL_Top</th>\n",
       "      <td>-0.495622</td>\n",
       "      <td>0.055814</td>\n",
       "      <td>0.153794</td>\n",
       "      <td>-0.342302</td>\n",
       "      <td>0.469070</td>\n",
       "      <td>-0.629261</td>\n",
       "      <td>-0.824509</td>\n",
       "      <td>-0.707029</td>\n",
       "      <td>0.602009</td>\n",
       "      <td>-0.353312</td>\n",
       "      <td>1.000000</td>\n",
       "      <td>0.080810</td>\n",
       "      <td>0.233522</td>\n",
       "      <td>0.513006</td>\n",
       "      <td>0.718932</td>\n",
       "      <td>0.736799</td>\n",
       "      <td>0.860775</td>\n",
       "      <td>-0.346838</td>\n",
       "      <td>-0.160659</td>\n",
       "      <td>0.856759</td>\n",
       "    </tr>\n",
       "    <tr>\n",
       "      <th>FL_Bot</th>\n",
       "      <td>0.109349</td>\n",
       "      <td>-0.055583</td>\n",
       "      <td>-0.051672</td>\n",
       "      <td>-0.026568</td>\n",
       "      <td>-0.139368</td>\n",
       "      <td>-0.242041</td>\n",
       "      <td>-0.073075</td>\n",
       "      <td>-0.169756</td>\n",
       "      <td>0.243982</td>\n",
       "      <td>0.003943</td>\n",
       "      <td>0.080810</td>\n",
       "      <td>1.000000</td>\n",
       "      <td>0.838896</td>\n",
       "      <td>0.647744</td>\n",
       "      <td>0.283653</td>\n",
       "      <td>0.268893</td>\n",
       "      <td>0.053980</td>\n",
       "      <td>-0.048702</td>\n",
       "      <td>-0.932649</td>\n",
       "      <td>-0.137708</td>\n",
       "    </tr>\n",
       "    <tr>\n",
       "      <th>T5</th>\n",
       "      <td>0.037913</td>\n",
       "      <td>-0.065798</td>\n",
       "      <td>-0.056053</td>\n",
       "      <td>-0.023783</td>\n",
       "      <td>-0.104215</td>\n",
       "      <td>-0.343317</td>\n",
       "      <td>-0.177609</td>\n",
       "      <td>-0.271752</td>\n",
       "      <td>0.342538</td>\n",
       "      <td>0.006223</td>\n",
       "      <td>0.233522</td>\n",
       "      <td>0.838896</td>\n",
       "      <td>1.000000</td>\n",
       "      <td>0.832912</td>\n",
       "      <td>0.515798</td>\n",
       "      <td>0.501863</td>\n",
       "      <td>0.240625</td>\n",
       "      <td>-0.042768</td>\n",
       "      <td>-0.705813</td>\n",
       "      <td>0.054223</td>\n",
       "    </tr>\n",
       "    <tr>\n",
       "      <th>T10</th>\n",
       "      <td>-0.133262</td>\n",
       "      <td>-0.093981</td>\n",
       "      <td>-0.032645</td>\n",
       "      <td>-0.064172</td>\n",
       "      <td>0.043762</td>\n",
       "      <td>-0.740104</td>\n",
       "      <td>-0.503897</td>\n",
       "      <td>-0.666805</td>\n",
       "      <td>0.739206</td>\n",
       "      <td>-0.050224</td>\n",
       "      <td>0.513006</td>\n",
       "      <td>0.647744</td>\n",
       "      <td>0.832912</td>\n",
       "      <td>1.000000</td>\n",
       "      <td>0.835917</td>\n",
       "      <td>0.826239</td>\n",
       "      <td>0.605666</td>\n",
       "      <td>-0.084416</td>\n",
       "      <td>-0.596179</td>\n",
       "      <td>0.396693</td>\n",
       "    </tr>\n",
       "    <tr>\n",
       "      <th>T15</th>\n",
       "      <td>-0.405723</td>\n",
       "      <td>-0.036557</td>\n",
       "      <td>0.172358</td>\n",
       "      <td>-0.132263</td>\n",
       "      <td>0.433230</td>\n",
       "      <td>-0.853562</td>\n",
       "      <td>-0.672288</td>\n",
       "      <td>-0.906745</td>\n",
       "      <td>0.847416</td>\n",
       "      <td>-0.237251</td>\n",
       "      <td>0.718932</td>\n",
       "      <td>0.283653</td>\n",
       "      <td>0.515798</td>\n",
       "      <td>0.835917</td>\n",
       "      <td>1.000000</td>\n",
       "      <td>0.999123</td>\n",
       "      <td>0.871522</td>\n",
       "      <td>-0.143943</td>\n",
       "      <td>-0.269342</td>\n",
       "      <td>0.671577</td>\n",
       "    </tr>\n",
       "    <tr>\n",
       "      <th>T20</th>\n",
       "      <td>-0.419774</td>\n",
       "      <td>-0.032413</td>\n",
       "      <td>0.166387</td>\n",
       "      <td>-0.136423</td>\n",
       "      <td>0.439612</td>\n",
       "      <td>-0.850312</td>\n",
       "      <td>-0.694296</td>\n",
       "      <td>-0.905002</td>\n",
       "      <td>0.843374</td>\n",
       "      <td>-0.235541</td>\n",
       "      <td>0.736799</td>\n",
       "      <td>0.268893</td>\n",
       "      <td>0.501863</td>\n",
       "      <td>0.826239</td>\n",
       "      <td>0.999123</td>\n",
       "      <td>1.000000</td>\n",
       "      <td>0.889650</td>\n",
       "      <td>-0.147806</td>\n",
       "      <td>-0.257116</td>\n",
       "      <td>0.696244</td>\n",
       "    </tr>\n",
       "    <tr>\n",
       "      <th>T25</th>\n",
       "      <td>-0.560397</td>\n",
       "      <td>0.008726</td>\n",
       "      <td>0.075788</td>\n",
       "      <td>-0.181497</td>\n",
       "      <td>0.479296</td>\n",
       "      <td>-0.779425</td>\n",
       "      <td>-0.895145</td>\n",
       "      <td>-0.842562</td>\n",
       "      <td>0.765035</td>\n",
       "      <td>-0.195540</td>\n",
       "      <td>0.860775</td>\n",
       "      <td>0.053980</td>\n",
       "      <td>0.240625</td>\n",
       "      <td>0.605666</td>\n",
       "      <td>0.871522</td>\n",
       "      <td>0.889650</td>\n",
       "      <td>1.000000</td>\n",
       "      <td>-0.187677</td>\n",
       "      <td>-0.093992</td>\n",
       "      <td>0.918920</td>\n",
       "    </tr>\n",
       "    <tr>\n",
       "      <th>XME_V</th>\n",
       "      <td>0.202180</td>\n",
       "      <td>0.168936</td>\n",
       "      <td>-0.042034</td>\n",
       "      <td>0.998340</td>\n",
       "      <td>-0.210014</td>\n",
       "      <td>0.101297</td>\n",
       "      <td>0.185930</td>\n",
       "      <td>0.148428</td>\n",
       "      <td>-0.073999</td>\n",
       "      <td>0.640621</td>\n",
       "      <td>-0.346838</td>\n",
       "      <td>-0.048702</td>\n",
       "      <td>-0.042768</td>\n",
       "      <td>-0.084416</td>\n",
       "      <td>-0.143943</td>\n",
       "      <td>-0.147806</td>\n",
       "      <td>-0.187677</td>\n",
       "      <td>1.000000</td>\n",
       "      <td>0.289720</td>\n",
       "      <td>-0.176313</td>\n",
       "    </tr>\n",
       "    <tr>\n",
       "      <th>XME_D</th>\n",
       "      <td>-0.032873</td>\n",
       "      <td>0.131695</td>\n",
       "      <td>0.111454</td>\n",
       "      <td>0.268091</td>\n",
       "      <td>0.107466</td>\n",
       "      <td>0.304498</td>\n",
       "      <td>0.159337</td>\n",
       "      <td>0.225232</td>\n",
       "      <td>-0.300595</td>\n",
       "      <td>0.097092</td>\n",
       "      <td>-0.160659</td>\n",
       "      <td>-0.932649</td>\n",
       "      <td>-0.705813</td>\n",
       "      <td>-0.596179</td>\n",
       "      <td>-0.269342</td>\n",
       "      <td>-0.257116</td>\n",
       "      <td>-0.093992</td>\n",
       "      <td>0.289720</td>\n",
       "      <td>1.000000</td>\n",
       "      <td>0.082210</td>\n",
       "    </tr>\n",
       "    <tr>\n",
       "      <th>XW_B</th>\n",
       "      <td>-0.625770</td>\n",
       "      <td>0.016157</td>\n",
       "      <td>-0.054221</td>\n",
       "      <td>-0.176958</td>\n",
       "      <td>0.418070</td>\n",
       "      <td>-0.647466</td>\n",
       "      <td>-0.954395</td>\n",
       "      <td>-0.693462</td>\n",
       "      <td>0.628475</td>\n",
       "      <td>-0.089216</td>\n",
       "      <td>0.856759</td>\n",
       "      <td>-0.137708</td>\n",
       "      <td>0.054223</td>\n",
       "      <td>0.396693</td>\n",
       "      <td>0.671577</td>\n",
       "      <td>0.696244</td>\n",
       "      <td>0.918920</td>\n",
       "      <td>-0.176313</td>\n",
       "      <td>0.082210</td>\n",
       "      <td>1.000000</td>\n",
       "    </tr>\n",
       "  </tbody>\n",
       "</table>\n",
       "</div>"
      ],
      "text/plain": [
       "             Tin        FR        T1        T2     Qcool        RR         B  \\\n",
       "Tin     1.000000  0.039706  0.209322  0.203192 -0.628540  0.284445  0.629407   \n",
       "FR      0.039706  1.000000  0.240104  0.164412  0.096964  0.064717  0.064214   \n",
       "T1      0.209322  0.240104  1.000000 -0.043858  0.594513  0.032070  0.218847   \n",
       "T2      0.203192  0.164412 -0.043858  1.000000 -0.211348  0.090470  0.180879   \n",
       "Qcool  -0.628540  0.096964  0.594513 -0.211348  1.000000 -0.164758 -0.302619   \n",
       "RR      0.284445  0.064717  0.032070  0.090470 -0.164758  1.000000  0.710785   \n",
       "B       0.629407  0.064214  0.218847  0.180879 -0.302619  0.710785  1.000000   \n",
       "QR      0.445869  0.015480 -0.225116  0.139232 -0.510129  0.930474  0.701523   \n",
       "Qc     -0.268878 -0.063329 -0.035187 -0.063005  0.150621 -0.999214 -0.693709   \n",
       "FV     -0.040643 -0.203784 -0.772504  0.638842 -0.553682  0.070583 -0.031609   \n",
       "FL_Top -0.495622  0.055814  0.153794 -0.342302  0.469070 -0.629261 -0.824509   \n",
       "FL_Bot  0.109349 -0.055583 -0.051672 -0.026568 -0.139368 -0.242041 -0.073075   \n",
       "T5      0.037913 -0.065798 -0.056053 -0.023783 -0.104215 -0.343317 -0.177609   \n",
       "T10    -0.133262 -0.093981 -0.032645 -0.064172  0.043762 -0.740104 -0.503897   \n",
       "T15    -0.405723 -0.036557  0.172358 -0.132263  0.433230 -0.853562 -0.672288   \n",
       "T20    -0.419774 -0.032413  0.166387 -0.136423  0.439612 -0.850312 -0.694296   \n",
       "T25    -0.560397  0.008726  0.075788 -0.181497  0.479296 -0.779425 -0.895145   \n",
       "XME_V   0.202180  0.168936 -0.042034  0.998340 -0.210014  0.101297  0.185930   \n",
       "XME_D  -0.032873  0.131695  0.111454  0.268091  0.107466  0.304498  0.159337   \n",
       "XW_B   -0.625770  0.016157 -0.054221 -0.176958  0.418070 -0.647466 -0.954395   \n",
       "\n",
       "              QR        Qc        FV    FL_Top    FL_Bot        T5       T10  \\\n",
       "Tin     0.445869 -0.268878 -0.040643 -0.495622  0.109349  0.037913 -0.133262   \n",
       "FR      0.015480 -0.063329 -0.203784  0.055814 -0.055583 -0.065798 -0.093981   \n",
       "T1     -0.225116 -0.035187 -0.772504  0.153794 -0.051672 -0.056053 -0.032645   \n",
       "T2      0.139232 -0.063005  0.638842 -0.342302 -0.026568 -0.023783 -0.064172   \n",
       "Qcool  -0.510129  0.150621 -0.553682  0.469070 -0.139368 -0.104215  0.043762   \n",
       "RR      0.930474 -0.999214  0.070583 -0.629261 -0.242041 -0.343317 -0.740104   \n",
       "B       0.701523 -0.693709 -0.031609 -0.824509 -0.073075 -0.177609 -0.503897   \n",
       "QR      1.000000 -0.925544  0.280268 -0.707029 -0.169756 -0.271752 -0.666805   \n",
       "Qc     -0.925544  1.000000 -0.051849  0.602009  0.243982  0.342538  0.739206   \n",
       "FV      0.280268 -0.051849  1.000000 -0.353312  0.003943  0.006223 -0.050224   \n",
       "FL_Top -0.707029  0.602009 -0.353312  1.000000  0.080810  0.233522  0.513006   \n",
       "FL_Bot -0.169756  0.243982  0.003943  0.080810  1.000000  0.838896  0.647744   \n",
       "T5     -0.271752  0.342538  0.006223  0.233522  0.838896  1.000000  0.832912   \n",
       "T10    -0.666805  0.739206 -0.050224  0.513006  0.647744  0.832912  1.000000   \n",
       "T15    -0.906745  0.847416 -0.237251  0.718932  0.283653  0.515798  0.835917   \n",
       "T20    -0.905002  0.843374 -0.235541  0.736799  0.268893  0.501863  0.826239   \n",
       "T25    -0.842562  0.765035 -0.195540  0.860775  0.053980  0.240625  0.605666   \n",
       "XME_V   0.148428 -0.073999  0.640621 -0.346838 -0.048702 -0.042768 -0.084416   \n",
       "XME_D   0.225232 -0.300595  0.097092 -0.160659 -0.932649 -0.705813 -0.596179   \n",
       "XW_B   -0.693462  0.628475 -0.089216  0.856759 -0.137708  0.054223  0.396693   \n",
       "\n",
       "             T15       T20       T25     XME_V     XME_D      XW_B  \n",
       "Tin    -0.405723 -0.419774 -0.560397  0.202180 -0.032873 -0.625770  \n",
       "FR     -0.036557 -0.032413  0.008726  0.168936  0.131695  0.016157  \n",
       "T1      0.172358  0.166387  0.075788 -0.042034  0.111454 -0.054221  \n",
       "T2     -0.132263 -0.136423 -0.181497  0.998340  0.268091 -0.176958  \n",
       "Qcool   0.433230  0.439612  0.479296 -0.210014  0.107466  0.418070  \n",
       "RR     -0.853562 -0.850312 -0.779425  0.101297  0.304498 -0.647466  \n",
       "B      -0.672288 -0.694296 -0.895145  0.185930  0.159337 -0.954395  \n",
       "QR     -0.906745 -0.905002 -0.842562  0.148428  0.225232 -0.693462  \n",
       "Qc      0.847416  0.843374  0.765035 -0.073999 -0.300595  0.628475  \n",
       "FV     -0.237251 -0.235541 -0.195540  0.640621  0.097092 -0.089216  \n",
       "FL_Top  0.718932  0.736799  0.860775 -0.346838 -0.160659  0.856759  \n",
       "FL_Bot  0.283653  0.268893  0.053980 -0.048702 -0.932649 -0.137708  \n",
       "T5      0.515798  0.501863  0.240625 -0.042768 -0.705813  0.054223  \n",
       "T10     0.835917  0.826239  0.605666 -0.084416 -0.596179  0.396693  \n",
       "T15     1.000000  0.999123  0.871522 -0.143943 -0.269342  0.671577  \n",
       "T20     0.999123  1.000000  0.889650 -0.147806 -0.257116  0.696244  \n",
       "T25     0.871522  0.889650  1.000000 -0.187677 -0.093992  0.918920  \n",
       "XME_V  -0.143943 -0.147806 -0.187677  1.000000  0.289720 -0.176313  \n",
